abbreviation: EDT
client_ip: 98.243.58.181
datetime: 2022-06-16T00:21:11.698971-04:00
day_of_week: 4
day_of_year: 167
dst: true
dst_from: 2022-03-13T07:00:00+00:00
dst_offset: 3600
dst_until: 2022-11-06T06:00:00+00:00
raw_offset: -18000
timezone: America/Detroit
unixtime: 1655353271
utc_datetime: 2022-06-16T04:21:11.698971+00:00
utc_offset: -04:00
week_number: 24